	brf_gmo	brf_gmo__nrlmf	brf_gmosa	brf_gmosa__nrlmf	brf_gso	brf_gso__nrlmf	brf_lmo	brf_lmo__nrlmf
brf_gmo	1.0	3.715183423913044e-05	3.715183423913044e-05	3.715183423913044e-05	3.715183423913044e-05	0.0863353587962963	3.715183423913044e-05	0.031221829927884616
brf_gmo__nrlmf	3.715183423913044e-05	1.0	3.715183423913044e-05	3.715183423913044e-05	3.715183423913044e-05	3.715183423913044e-05	3.715183423913044e-05	3.715183423913044e-05
brf_gmosa	3.715183423913044e-05	3.715183423913044e-05	1.0	3.715183423913044e-05	3.715183423913044e-05	3.715183423913044e-05	3.715183423913044e-05	3.715183423913044e-05
brf_gmosa__nrlmf	3.715183423913044e-05	3.715183423913044e-05	3.715183423913044e-05	1.0	7.120768229166667e-05	3.715183423913044e-05	3.715183423913044e-05	3.715183423913044e-05
brf_gso	3.715183423913044e-05	3.715183423913044e-05	3.715183423913044e-05	7.120768229166667e-05	1.0	3.715183423913044e-05	0.375457763671875	3.715183423913044e-05
brf_gso__nrlmf	0.0863353587962963	3.715183423913044e-05	3.715183423913044e-05	3.715183423913044e-05	3.715183423913044e-05	1.0	3.715183423913044e-05	0.0023925781249999997
brf_lmo	3.715183423913044e-05	3.715183423913044e-05	3.715183423913044e-05	3.715183423913044e-05	0.375457763671875	3.715183423913044e-05	1.0	3.715183423913044e-05
brf_lmo__nrlmf	0.031221829927884616	3.715183423913044e-05	3.715183423913044e-05	3.715183423913044e-05	3.715183423913044e-05	0.0023925781249999997	3.715183423913044e-05	1.0
