	brf_gmo	brf_gmo__nrlmf	brf_gso__nrlmf	brf_lmo	bxt_gmo	bxt_gmo__nrlmf	bxt_gmosa__nrlmf	bxt_gso__nrlmf
brf_gmo	1.0	3.5603841145833336e-05	0.0010443793402777778	3.5603841145833336e-05	3.5603841145833336e-05	3.5603841145833336e-05	3.5603841145833336e-05	3.5603841145833336e-05
brf_gmo__nrlmf	3.5603841145833336e-05	1.0	3.5603841145833336e-05	3.5603841145833336e-05	3.5603841145833336e-05	0.0001643254206730769	3.5603841145833336e-05	3.5603841145833336e-05
brf_gso__nrlmf	0.0010443793402777778	3.5603841145833336e-05	1.0	3.5603841145833336e-05	3.5603841145833336e-05	3.5603841145833336e-05	3.5603841145833336e-05	3.5603841145833336e-05
brf_lmo	3.5603841145833336e-05	3.5603841145833336e-05	3.5603841145833336e-05	1.0	6.835937499999999e-05	3.5603841145833336e-05	3.5603841145833336e-05	3.5603841145833336e-05
bxt_gmo	3.5603841145833336e-05	3.5603841145833336e-05	3.5603841145833336e-05	6.835937499999999e-05	1.0	3.5603841145833336e-05	3.5603841145833336e-05	3.5603841145833336e-05
bxt_gmo__nrlmf	3.5603841145833336e-05	0.0001643254206730769	3.5603841145833336e-05	3.5603841145833336e-05	3.5603841145833336e-05	1.0	3.5603841145833336e-05	3.5603841145833336e-05
bxt_gmosa__nrlmf	3.5603841145833336e-05	3.5603841145833336e-05	3.5603841145833336e-05	3.5603841145833336e-05	3.5603841145833336e-05	3.5603841145833336e-05	1.0	0.001678466796875
bxt_gso__nrlmf	3.5603841145833336e-05	3.5603841145833336e-05	3.5603841145833336e-05	3.5603841145833336e-05	3.5603841145833336e-05	3.5603841145833336e-05	0.001678466796875	1.0
