	brf_gmo	brf_gmo__nrlmf	brf_gmosa	brf_gmosa__nrlmf	brf_gso	brf_gso__nrlmf	brf_lmo	brf_lmo__nrlmf
brf_gmo	1.0	3.715183423913044e-05	3.715183423913044e-05	3.715183423913044e-05	3.715183423913044e-05	3.715183423913044e-05	3.715183423913044e-05	0.4637451171875
brf_gmo__nrlmf	3.715183423913044e-05	1.0	3.715183423913044e-05	3.715183423913044e-05	3.715183423913044e-05	3.715183423913044e-05	3.715183423913044e-05	3.715183423913044e-05
brf_gmosa	3.715183423913044e-05	3.715183423913044e-05	1.0	3.715183423913044e-05	3.715183423913044e-05	3.715183423913044e-05	3.715183423913044e-05	3.715183423913044e-05
brf_gmosa__nrlmf	3.715183423913044e-05	3.715183423913044e-05	3.715183423913044e-05	1.0	0.022185149016203703	3.715183423913044e-05	0.00024922688802083337	3.715183423913044e-05
brf_gso	3.715183423913044e-05	3.715183423913044e-05	3.715183423913044e-05	0.022185149016203703	1.0	3.715183423913044e-05	0.0011279296875	3.715183423913044e-05
brf_gso__nrlmf	3.715183423913044e-05	3.715183423913044e-05	3.715183423913044e-05	3.715183423913044e-05	3.715183423913044e-05	1.0	3.715183423913044e-05	0.0014131986177884615
brf_lmo	3.715183423913044e-05	3.715183423913044e-05	3.715183423913044e-05	0.00024922688802083337	0.0011279296875	3.715183423913044e-05	1.0	3.715183423913044e-05
brf_lmo__nrlmf	0.4637451171875	3.715183423913044e-05	3.715183423913044e-05	3.715183423913044e-05	3.715183423913044e-05	0.0014131986177884615	3.715183423913044e-05	1.0
