	brf_gmo	brf_gmo__nrlmf	brf_gso__nrlmf	brf_lmo	bxt_gmo	bxt_gmo__nrlmf	bxt_gmosa__nrlmf	bxt_gso__nrlmf
brf_gmo	1.0	0.002377717391304348	0.002377717391304348	0.002377717391304348	0.002377717391304348	0.002377717391304348	0.002377717391304348	0.7594628653799336
brf_gmo__nrlmf	0.002377717391304348	1.0	0.002377717391304348	0.002377717391304348	0.002377717391304348	0.002377717391304348	0.002377717391304348	0.002377717391304348
brf_gso__nrlmf	0.002377717391304348	0.002377717391304348	1.0	0.002377717391304348	0.002377717391304348	0.29503983487088187	0.002377717391304348	0.002377717391304348
brf_lmo	0.002377717391304348	0.002377717391304348	0.002377717391304348	1.0	0.026774564970978014	0.002377717391304348	0.03049205917236302	0.002377717391304348
bxt_gmo	0.002377717391304348	0.002377717391304348	0.002377717391304348	0.026774564970978014	1.0	0.002377717391304348	0.002377717391304348	0.002377717391304348
bxt_gmo__nrlmf	0.002377717391304348	0.002377717391304348	0.29503983487088187	0.002377717391304348	0.002377717391304348	1.0	0.002377717391304348	0.002377717391304348
bxt_gmosa__nrlmf	0.002377717391304348	0.002377717391304348	0.002377717391304348	0.03049205917236302	0.002377717391304348	0.002377717391304348	1.0	0.022786458333333336
bxt_gso__nrlmf	0.7594628653799336	0.002377717391304348	0.002377717391304348	0.002377717391304348	0.002377717391304348	0.002377717391304348	0.022786458333333336	1.0
