	brf_gmo	brf_gmo__nrlmf	brf_gmosa	brf_gmosa__nrlmf	brf_gso	brf_gso__nrlmf	brf_lmo	brf_lmo__nrlmf
brf_gmo	1.0	3.0517578125e-05	3.0517578125e-05	3.0517578125e-05	3.0517578125e-05	3.0517578125e-05	3.0517578125e-05	3.0517578125e-05
brf_gmo__nrlmf	3.0517578125e-05	1.0	3.0517578125e-05	3.0517578125e-05	3.0517578125e-05	3.0517578125e-05	3.0517578125e-05	3.0517578125e-05
brf_gmosa	3.0517578125e-05	3.0517578125e-05	1.0	3.0517578125e-05	3.0517578125e-05	3.0517578125e-05	3.0517578125e-05	3.0517578125e-05
brf_gmosa__nrlmf	3.0517578125e-05	3.0517578125e-05	3.0517578125e-05	1.0	3.0517578125e-05	3.0517578125e-05	3.0517578125e-05	3.0517578125e-05
brf_gso	3.0517578125e-05	3.0517578125e-05	3.0517578125e-05	3.0517578125e-05	1.0	3.0517578125e-05	3.0517578125e-05	3.0517578125e-05
brf_gso__nrlmf	3.0517578125e-05	3.0517578125e-05	3.0517578125e-05	3.0517578125e-05	3.0517578125e-05	1.0	3.0517578125e-05	3.0517578125e-05
brf_lmo	3.0517578125e-05	3.0517578125e-05	3.0517578125e-05	3.0517578125e-05	3.0517578125e-05	3.0517578125e-05	1.0	3.0517578125e-05
brf_lmo__nrlmf	3.0517578125e-05	3.0517578125e-05	3.0517578125e-05	3.0517578125e-05	3.0517578125e-05	3.0517578125e-05	3.0517578125e-05	1.0
