	brf_gmo	brf_gmo__nrlmf	brf_gmosa	brf_gmosa__nrlmf	brf_gso	brf_gso__nrlmf	brf_lmo	brf_lmo__nrlmf
brf_gmo	1.0	3.5603841145833336e-05	3.5603841145833336e-05	0.001678466796875	3.5603841145833336e-05	6.835937499999999e-05	3.5603841145833336e-05	0.0006013093171296296
brf_gmo__nrlmf	3.5603841145833336e-05	1.0	3.5603841145833336e-05	3.5603841145833336e-05	3.5603841145833336e-05	3.5603841145833336e-05	3.5603841145833336e-05	3.5603841145833336e-05
brf_gmosa	3.5603841145833336e-05	3.5603841145833336e-05	1.0	3.5603841145833336e-05	3.5603841145833336e-05	3.5603841145833336e-05	3.5603841145833336e-05	3.5603841145833336e-05
brf_gmosa__nrlmf	0.001678466796875	3.5603841145833336e-05	3.5603841145833336e-05	1.0	3.5603841145833336e-05	3.5603841145833336e-05	3.5603841145833336e-05	0.0001643254206730769
brf_gso	3.5603841145833336e-05	3.5603841145833336e-05	3.5603841145833336e-05	3.5603841145833336e-05	1.0	3.5603841145833336e-05	3.5603841145833336e-05	3.5603841145833336e-05
brf_gso__nrlmf	6.835937499999999e-05	3.5603841145833336e-05	3.5603841145833336e-05	3.5603841145833336e-05	3.5603841145833336e-05	1.0	3.5603841145833336e-05	3.5603841145833336e-05
brf_lmo	3.5603841145833336e-05	3.5603841145833336e-05	3.5603841145833336e-05	3.5603841145833336e-05	3.5603841145833336e-05	3.5603841145833336e-05	1.0	3.5603841145833336e-05
brf_lmo__nrlmf	0.0006013093171296296	3.5603841145833336e-05	3.5603841145833336e-05	0.0001643254206730769	3.5603841145833336e-05	3.5603841145833336e-05	3.5603841145833336e-05	1.0
