	bxt_gmo	bxt_gmo__nrlmf	bxt_gmosa	bxt_gmosa__nrlmf	bxt_gso	bxt_gso__nrlmf	bxt_lmo	bxt_lmo__nrlmf
bxt_gmo	1.0	3.715183423913044e-05	3.715183423913044e-05	0.016077112268518517	3.715183423913044e-05	3.715183423913044e-05	3.715183423913044e-05	0.0028921274038461535
bxt_gmo__nrlmf	3.715183423913044e-05	1.0	3.715183423913044e-05	3.715183423913044e-05	3.715183423913044e-05	3.715183423913044e-05	3.715183423913044e-05	3.715183423913044e-05
bxt_gmosa	3.715183423913044e-05	3.715183423913044e-05	1.0	3.715183423913044e-05	3.715183423913044e-05	3.715183423913044e-05	3.715183423913044e-05	3.715183423913044e-05
bxt_gmosa__nrlmf	0.016077112268518517	3.715183423913044e-05	3.715183423913044e-05	1.0	0.0001708984375	3.715183423913044e-05	3.715183423913044e-05	0.0506591796875
bxt_gso	3.715183423913044e-05	3.715183423913044e-05	3.715183423913044e-05	0.0001708984375	1.0	3.715183423913044e-05	3.715183423913044e-05	7.120768229166667e-05
bxt_gso__nrlmf	3.715183423913044e-05	3.715183423913044e-05	3.715183423913044e-05	3.715183423913044e-05	3.715183423913044e-05	1.0	3.715183423913044e-05	3.715183423913044e-05
bxt_lmo	3.715183423913044e-05	3.715183423913044e-05	3.715183423913044e-05	3.715183423913044e-05	3.715183423913044e-05	3.715183423913044e-05	1.0	3.715183423913044e-05
bxt_lmo__nrlmf	0.0028921274038461535	3.715183423913044e-05	3.715183423913044e-05	0.0506591796875	7.120768229166667e-05	3.715183423913044e-05	3.715183423913044e-05	1.0
