	blmnii_rls	blmnii_svm	brf_lmo	bxt_gmo__nrlmf	bxt_gmosa_1k	bxt_gmosa__nrlmf	bxt_gso_1k	bxt_gso__nrlmf	dnilmf	dthybrid	lmorls	md_ss_bxt_gso	nrlmf
blmnii_rls	1.0	0.6261056082589286	0.0002505653782894737	0.000148773193359375	0.0030104693244485292	0.93988037109375	0.0003400530133928572	0.6663430703652872	0.014926910400390625	0.000148773193359375	0.0002505653782894737	0.001559553475215517	0.4371000830806903
blmnii_svm	0.6261056082589286	1.0	0.0008501325334821429	0.005236816406250001	0.0008501325334821429	0.6663430703652872	0.000148773193359375	0.5682785931755515	0.0002505653782894737	0.07598876953125	0.0003400530133928572	0.0005174719769021739	0.3397885277157738
brf_lmo	0.0002505653782894737	0.0008501325334821429	1.0	0.000148773193359375	0.12787186472039475	0.006089321402616279	0.3397885277157738	0.006089321402616279	0.93988037109375	0.000148773193359375	0.93988037109375	0.3225207719646516	0.010896809895833335
bxt_gmo__nrlmf	0.000148773193359375	0.005236816406250001	0.000148773193359375	1.0	0.000148773193359375	0.05129466337316176	0.000148773193359375	0.12787186472039475	0.000148773193359375	0.006089321402616279	0.000148773193359375	0.000148773193359375	0.001983642578125
bxt_gmosa_1k	0.0030104693244485292	0.0008501325334821429	0.12787186472039475	0.000148773193359375	1.0	0.005236816406250001	0.0008501325334821429	0.005236816406250001	0.274853515625	0.000148773193359375	0.08331298828125	0.41806640624999997	0.033372802734375
bxt_gmosa__nrlmf	0.93988037109375	0.6663430703652872	0.006089321402616279	0.05129466337316176	0.005236816406250001	1.0	0.00069427490234375	0.6663430703652872	0.0025339434223790322	0.4371000830806903	0.0030104693244485292	0.00450340477195946	0.09274791370738636
bxt_gso_1k	0.0003400530133928572	0.000148773193359375	0.3397885277157738	0.000148773193359375	0.0008501325334821429	0.00069427490234375	1.0	0.0008501325334821429	0.6663430703652872	0.000148773193359375	0.1542399778204449	0.000148773193359375	0.0005174719769021739
bxt_gso__nrlmf	0.6663430703652872	0.5682785931755515	0.006089321402616279	0.12787186472039475	0.005236816406250001	0.6663430703652872	0.0008501325334821429	1.0	0.00450340477195946	0.5970591669497283	0.0030104693244485292	0.0037405831473214285	0.14064709893588362
dnilmf	0.014926910400390625	0.0002505653782894737	0.93988037109375	0.000148773193359375	0.274853515625	0.0025339434223790322	0.6663430703652872	0.00450340477195946	1.0	0.000148773193359375	0.69529052734375	0.39305877685546875	0.012936799422554348
dthybrid	0.000148773193359375	0.07598876953125	0.000148773193359375	0.006089321402616279	0.000148773193359375	0.4371000830806903	0.000148773193359375	0.5970591669497283	0.000148773193359375	1.0	0.000148773193359375	0.000148773193359375	0.020840391820790817
lmorls	0.0002505653782894737	0.0003400530133928572	0.93988037109375	0.000148773193359375	0.08331298828125	0.0030104693244485292	0.1542399778204449	0.0030104693244485292	0.69529052734375	0.000148773193359375	1.0	0.08331298828125	0.007411609996448864
md_ss_bxt_gso	0.001559553475215517	0.0005174719769021739	0.3225207719646516	0.000148773193359375	0.41806640624999997	0.00450340477195946	0.000148773193359375	0.0037405831473214285	0.39305877685546875	0.000148773193359375	0.08331298828125	1.0	0.014926910400390625
nrlmf	0.4371000830806903	0.3397885277157738	0.010896809895833335	0.001983642578125	0.033372802734375	0.09274791370738636	0.0005174719769021739	0.14064709893588362	0.012936799422554348	0.020840391820790817	0.007411609996448864	0.014926910400390625	1.0
