	blmnii_rls	blmnii_svm	brf_lmo	bxt_gmo__nrlmf	bxt_gmosa_1k	bxt_gmosa__nrlmf	bxt_gso_1k	bxt_gso__nrlmf	dnilmf	dthybrid	lmorls	md_ss_bxt_gso	nrlmf
blmnii_rls	1.0	0.00010819868607954545	0.009355411973110465	0.009355411973110465	0.0014798906090984624	0.2980873801491477	0.0014798906090984624	0.2980873801491477	0.009355411973110465	0.0017223310382739917	0.009355411973110465	0.009355411973110465	0.009355411973110465
blmnii_svm	0.00010819868607954545	1.0	0.00010819868607954545	0.00010819868607954545	0.00010819868607954545	0.00010819868607954545	0.00010819868607954545	0.00010819868607954545	0.00010819868607954545	0.00010819868607954545	0.00010819868607954545	0.00010819868607954545	0.00010819868607954545
brf_lmo	0.009355411973110465	0.00010819868607954545	1.0	0.00010819868607954545	0.10482288707386363	0.899932861328125	0.04522705078124999	0.4955084813784247	0.04568833791176205	0.011144464666193182	0.5922620618665541	0.009221663224942792	0.20677490234374998
bxt_gmo__nrlmf	0.009355411973110465	0.00010819868607954545	0.00010819868607954545	1.0	0.00010819868607954545	0.00010819868607954545	0.00010819868607954545	0.00010819868607954545	0.00010819868607954545	0.00675718245967742	0.00010819868607954545	0.00010819868607954545	0.00010819868607954545
bxt_gmosa_1k	0.0014798906090984624	0.00010819868607954545	0.10482288707386363	0.00010819868607954545	1.0	0.026287576426630436	0.20800850123953857	0.04522705078124999	0.15689928778286638	0.0014798906090984624	0.06521318543632075	0.3882045200892857	0.14311459189967107
bxt_gmosa__nrlmf	0.2980873801491477	0.00010819868607954545	0.899932861328125	0.00010819868607954545	0.026287576426630436	1.0	0.03028642370345745	0.6103963516914183	0.07317437065972222	0.3148040771484375	0.4373931884765625	0.0005174719769021739	0.06521318543632075
bxt_gso_1k	0.0014798906090984624	0.00010819868607954545	0.04522705078124999	0.00010819868607954545	0.20800850123953857	0.03028642370345745	1.0	0.28624906994047616	0.8714322176846591	0.0014798906090984624	0.14311459189967107	0.01449179995132254	0.412474726287412
bxt_gso__nrlmf	0.2980873801491477	0.00010819868607954545	0.4955084813784247	0.00010819868607954545	0.04522705078124999	0.6103963516914183	0.28624906994047616	1.0	0.3882045200892857	0.2980873801491477	0.8424947638260691	0.00555419921875	0.3148040771484375
dnilmf	0.009355411973110465	0.00010819868607954545	0.04568833791176205	0.00010819868607954545	0.15689928778286638	0.07317437065972222	0.8714322176846591	0.3882045200892857	1.0	0.009355411973110465	0.20677490234374998	0.04250776318487056	0.24256749306955647
dthybrid	0.0017223310382739917	0.00010819868607954545	0.011144464666193182	0.00675718245967742	0.0014798906090984624	0.3148040771484375	0.0014798906090984624	0.2980873801491477	0.009355411973110465	1.0	0.009355411973110465	0.009355411973110465	0.009355411973110465
lmorls	0.009355411973110465	0.00010819868607954545	0.5922620618665541	0.00010819868607954545	0.06521318543632075	0.4373931884765625	0.14311459189967107	0.8424947638260691	0.20677490234374998	0.009355411973110465	1.0	0.00010819868607954545	0.009355411973110465
md_ss_bxt_gso	0.009355411973110465	0.00010819868607954545	0.009221663224942792	0.00010819868607954545	0.3882045200892857	0.0005174719769021739	0.01449179995132254	0.00555419921875	0.04250776318487056	0.009355411973110465	0.00010819868607954545	1.0	0.00069427490234375
nrlmf	0.009355411973110465	0.00010819868607954545	0.20677490234374998	0.00010819868607954545	0.14311459189967107	0.06521318543632075	0.412474726287412	0.3148040771484375	0.24256749306955647	0.009355411973110465	0.009355411973110465	0.00069427490234375	1.0
