	blmnii_rls	blmnii_svm	brf_lmo	bxt_gmo__nrlmf	bxt_gmosa_1k	bxt_gmosa__nrlmf	bxt_gso_1k	bxt_gso__nrlmf	dnilmf	dthybrid	lmorls	md_ss_bxt_gso	nrlmf
blmnii_rls	1.0	0.0031090561224489796	0.005440848214285714	0.076171875	0.0031090561224489796	0.005440848214285714	0.0031090561224489796	0.005440848214285714	0.005440848214285714	0.01248719262295082	0.05859375	0.005440848214285714	0.0031090561224489796
blmnii_svm	0.0031090561224489796	1.0	0.0031090561224489796	0.0031090561224489796	0.0031090561224489796	0.0031090561224489796	0.0031090561224489796	0.0031090561224489796	0.0031090561224489796	0.0031090561224489796	0.0031090561224489796	0.0031090561224489796	0.0031090561224489796
brf_lmo	0.005440848214285714	0.0031090561224489796	1.0	0.0031090561224489796	0.0031090561224489796	0.18544989263954412	0.0031090561224489796	0.008018092105263159	0.461205051369863	0.57890625	0.0031090561224489796	0.0031090561224489796	0.00898355875015924
bxt_gmo__nrlmf	0.076171875	0.0031090561224489796	0.0031090561224489796	1.0	0.0031090561224489796	0.0031090561224489796	0.0031090561224489796	0.0031090561224489796	0.0031090561224489796	0.09633501838235294	0.18544989263954412	0.0031090561224489796	0.0031090561224489796
bxt_gmosa_1k	0.0031090561224489796	0.0031090561224489796	0.0031090561224489796	0.0031090561224489796	1.0	0.0031090561224489796	0.0031090561224489796	0.0031090561224489796	0.0031090561224489796	0.0031090561224489796	0.0031090561224489796	0.0031090561224489796	0.033854166666666664
bxt_gmosa__nrlmf	0.005440848214285714	0.0031090561224489796	0.18544989263954412	0.0031090561224489796	0.0031090561224489796	1.0	0.0031090561224489796	0.00898355875015924	0.461205051369863	0.57890625	0.0031090561224489796	0.0031090561224489796	0.0031090561224489796
bxt_gso_1k	0.0031090561224489796	0.0031090561224489796	0.0031090561224489796	0.0031090561224489796	0.0031090561224489796	0.0031090561224489796	1.0	0.0031090561224489796	0.0031090561224489796	0.0031090561224489796	0.0031090561224489796	0.0031090561224489796	0.18104619565217392
bxt_gso__nrlmf	0.005440848214285714	0.0031090561224489796	0.008018092105263159	0.0031090561224489796	0.0031090561224489796	0.00898355875015924	0.0031090561224489796	1.0	0.024571572580645164	1.0	0.00898355875015924	0.0031090561224489796	0.0031090561224489796
dnilmf	0.005440848214285714	0.0031090561224489796	0.461205051369863	0.0031090561224489796	0.0031090561224489796	0.461205051369863	0.0031090561224489796	0.024571572580645164	1.0	0.6414473684210527	0.0031090561224489796	0.005440848214285714	0.005440848214285714
dthybrid	0.01248719262295082	0.0031090561224489796	0.57890625	0.09633501838235294	0.0031090561224489796	0.57890625	0.0031090561224489796	1.0	0.6414473684210527	1.0	0.09633501838235294	0.04522705078125	0.0031090561224489796
lmorls	0.05859375	0.0031090561224489796	0.0031090561224489796	0.18544989263954412	0.0031090561224489796	0.0031090561224489796	0.0031090561224489796	0.00898355875015924	0.0031090561224489796	0.09633501838235294	1.0	0.0031090561224489796	0.0031090561224489796
md_ss_bxt_gso	0.005440848214285714	0.0031090561224489796	0.0031090561224489796	0.0031090561224489796	0.0031090561224489796	0.0031090561224489796	0.0031090561224489796	0.0031090561224489796	0.005440848214285714	0.04522705078125	0.0031090561224489796	1.0	0.9338474025974025
nrlmf	0.0031090561224489796	0.0031090561224489796	0.00898355875015924	0.0031090561224489796	0.033854166666666664	0.0031090561224489796	0.18104619565217392	0.0031090561224489796	0.005440848214285714	0.0031090561224489796	0.0031090561224489796	0.9338474025974025	1.0
