	bxt_gmo	bxt_gmo__nrlmf	bxt_gmosa	bxt_gmosa__nrlmf	bxt_gso	bxt_gso__nrlmf	bxt_lmo	bxt_lmo__nrlmf
bxt_gmo	1.0	0.002377717391304348	0.002377717391304348	0.002377717391304348	0.002377717391304348	0.002377717391304348	0.008019708453582826	0.002377717391304348
bxt_gmo__nrlmf	0.002377717391304348	1.0	0.002377717391304348	0.002377717391304348	0.002377717391304348	0.002377717391304348	0.03171174153925754	0.10417670986738009
bxt_gmosa	0.002377717391304348	0.002377717391304348	1.0	0.002377717391304348	0.3844120797513729	0.002377717391304348	0.002377717391304348	0.002377717391304348
bxt_gmosa__nrlmf	0.002377717391304348	0.002377717391304348	0.002377717391304348	1.0	0.002377717391304348	0.002377717391304348	0.002377717391304348	0.002377717391304348
bxt_gso	0.002377717391304348	0.002377717391304348	0.3844120797513729	0.002377717391304348	1.0	0.002377717391304348	0.002377717391304348	0.002377717391304348
bxt_gso__nrlmf	0.002377717391304348	0.002377717391304348	0.002377717391304348	0.002377717391304348	0.002377717391304348	1.0	0.002377717391304348	0.002377717391304348
bxt_lmo	0.008019708453582826	0.03171174153925754	0.002377717391304348	0.002377717391304348	0.002377717391304348	0.002377717391304348	1.0	0.0988111344295033
bxt_lmo__nrlmf	0.002377717391304348	0.10417670986738009	0.002377717391304348	0.002377717391304348	0.002377717391304348	0.002377717391304348	0.0988111344295033	1.0
