	bxt_gmo	bxt_gmosa	bxt_gso	bxt_gso_1k__nrlmf	bxt_gso__nrlmf	bxt_lmo	bxt_lmo__nrlmf	bxt_lso	bxt_lso__nrlmf
bxt_gmo	1.0	3.78838900862069e-05	3.78838900862069e-05	3.78838900862069e-05	3.78838900862069e-05	3.78838900862069e-05	3.78838900862069e-05	3.78838900862069e-05	3.78838900862069e-05
bxt_gmosa	3.78838900862069e-05	1.0	3.78838900862069e-05	3.78838900862069e-05	3.78838900862069e-05	3.78838900862069e-05	3.78838900862069e-05	0.00017719884072580643	3.78838900862069e-05
bxt_gso	3.78838900862069e-05	3.78838900862069e-05	1.0	3.78838900862069e-05	3.78838900862069e-05	7.32421875e-05	3.78838900862069e-05	3.78838900862069e-05	3.78838900862069e-05
bxt_gso_1k__nrlmf	3.78838900862069e-05	3.78838900862069e-05	3.78838900862069e-05	1.0	1.0	3.78838900862069e-05	0.000240325927734375	3.78838900862069e-05	0.0005795375811854118
bxt_gso__nrlmf	3.78838900862069e-05	3.78838900862069e-05	3.78838900862069e-05	1.0	1.0	3.78838900862069e-05	0.1373614142922794	3.78838900862069e-05	0.44557407924107145
bxt_lmo	3.78838900862069e-05	3.78838900862069e-05	7.32421875e-05	3.78838900862069e-05	3.78838900862069e-05	1.0	3.78838900862069e-05	3.78838900862069e-05	3.78838900862069e-05
bxt_lmo__nrlmf	3.78838900862069e-05	3.78838900862069e-05	3.78838900862069e-05	0.000240325927734375	0.1373614142922794	3.78838900862069e-05	1.0	3.78838900862069e-05	3.78838900862069e-05
bxt_lso	3.78838900862069e-05	0.00017719884072580643	3.78838900862069e-05	3.78838900862069e-05	3.78838900862069e-05	3.78838900862069e-05	3.78838900862069e-05	1.0	3.78838900862069e-05
bxt_lso__nrlmf	3.78838900862069e-05	3.78838900862069e-05	3.78838900862069e-05	0.0005795375811854118	0.44557407924107145	3.78838900862069e-05	3.78838900862069e-05	3.78838900862069e-05	1.0
