	brf_gmo	brf_gmo__nrlmf	brf_gmosa	brf_gmosa__nrlmf	brf_gso	brf_gso__nrlmf	brf_lmo	brf_lmo__nrlmf
brf_gmo	1.0	3.4179687499999996e-05	0.001007080078125	3.4179687499999996e-05	3.4179687499999996e-05	3.4179687499999996e-05	3.4179687499999996e-05	3.4179687499999996e-05
brf_gmo__nrlmf	3.4179687499999996e-05	1.0	3.4179687499999996e-05	3.4179687499999996e-05	3.4179687499999996e-05	3.4179687499999996e-05	3.4179687499999996e-05	0.00031647858796296296
brf_gmosa	0.001007080078125	3.4179687499999996e-05	1.0	3.4179687499999996e-05	3.4179687499999996e-05	3.4179687499999996e-05	3.4179687499999996e-05	3.4179687499999996e-05
brf_gmosa__nrlmf	3.4179687499999996e-05	3.4179687499999996e-05	3.4179687499999996e-05	1.0	3.4179687499999996e-05	3.4179687499999996e-05	3.4179687499999996e-05	3.4179687499999996e-05
brf_gso	3.4179687499999996e-05	3.4179687499999996e-05	3.4179687499999996e-05	3.4179687499999996e-05	1.0	3.4179687499999996e-05	3.4179687499999996e-05	3.4179687499999996e-05
brf_gso__nrlmf	3.4179687499999996e-05	3.4179687499999996e-05	3.4179687499999996e-05	3.4179687499999996e-05	3.4179687499999996e-05	1.0	3.4179687499999996e-05	0.0001643254206730769
brf_lmo	3.4179687499999996e-05	3.4179687499999996e-05	3.4179687499999996e-05	3.4179687499999996e-05	3.4179687499999996e-05	3.4179687499999996e-05	1.0	3.4179687499999996e-05
brf_lmo__nrlmf	3.4179687499999996e-05	0.00031647858796296296	3.4179687499999996e-05	3.4179687499999996e-05	3.4179687499999996e-05	0.0001643254206730769	3.4179687499999996e-05	1.0
