	brf_gmo	brf_gmo__nrlmf	brf_gso__nrlmf	brf_lmo	bxt_gmo	bxt_gmo__nrlmf	bxt_gmosa__nrlmf	bxt_gso__nrlmf
brf_gmo	1.0	3.715183423913044e-05	3.715183423913044e-05	0.0014131986177884615	0.632171630859375	3.715183423913044e-05	3.715183423913044e-05	3.715183423913044e-05
brf_gmo__nrlmf	3.715183423913044e-05	1.0	3.715183423913044e-05	3.715183423913044e-05	3.715183423913044e-05	7.120768229166667e-05	3.715183423913044e-05	3.715183423913044e-05
brf_gso__nrlmf	3.715183423913044e-05	3.715183423913044e-05	1.0	3.715183423913044e-05	3.715183423913044e-05	0.0008544921875	3.715183423913044e-05	3.715183423913044e-05
brf_lmo	0.0014131986177884615	3.715183423913044e-05	3.715183423913044e-05	1.0	3.715183423913044e-05	3.715183423913044e-05	3.715183423913044e-05	3.715183423913044e-05
bxt_gmo	0.632171630859375	3.715183423913044e-05	3.715183423913044e-05	3.715183423913044e-05	1.0	3.715183423913044e-05	3.715183423913044e-05	3.715183423913044e-05
bxt_gmo__nrlmf	3.715183423913044e-05	7.120768229166667e-05	0.0008544921875	3.715183423913044e-05	3.715183423913044e-05	1.0	3.715183423913044e-05	3.715183423913044e-05
bxt_gmosa__nrlmf	3.715183423913044e-05	3.715183423913044e-05	3.715183423913044e-05	3.715183423913044e-05	3.715183423913044e-05	3.715183423913044e-05	1.0	0.5477294921875
bxt_gso__nrlmf	3.715183423913044e-05	3.715183423913044e-05	3.715183423913044e-05	3.715183423913044e-05	3.715183423913044e-05	3.715183423913044e-05	0.5477294921875	1.0
