	bxt_gmo	bxt_gmosa	bxt_gso	bxt_gso_1k__nrlmf	bxt_gso__nrlmf	bxt_lmo	bxt_lmo__nrlmf	bxt_lso	bxt_lso__nrlmf
bxt_gmo	1.0	3.78838900862069e-05	3.78838900862069e-05	6.866455078125e-05	6.866455078125e-05	3.78838900862069e-05	0.00016156364889705882	3.78838900862069e-05	3.78838900862069e-05
bxt_gmosa	3.78838900862069e-05	1.0	0.00016156364889705882	3.78838900862069e-05	3.78838900862069e-05	3.78838900862069e-05	3.78838900862069e-05	3.78838900862069e-05	3.78838900862069e-05
bxt_gso	3.78838900862069e-05	0.00016156364889705882	1.0	3.78838900862069e-05	3.78838900862069e-05	3.78838900862069e-05	3.78838900862069e-05	3.78838900862069e-05	3.78838900862069e-05
bxt_gso_1k__nrlmf	6.866455078125e-05	3.78838900862069e-05	3.78838900862069e-05	1.0	0.0010358537946428571	3.78838900862069e-05	3.78838900862069e-05	3.78838900862069e-05	3.78838900862069e-05
bxt_gso__nrlmf	6.866455078125e-05	3.78838900862069e-05	3.78838900862069e-05	0.0010358537946428571	1.0	3.78838900862069e-05	6.866455078125e-05	3.78838900862069e-05	3.78838900862069e-05
bxt_lmo	3.78838900862069e-05	3.78838900862069e-05	3.78838900862069e-05	3.78838900862069e-05	3.78838900862069e-05	1.0	3.78838900862069e-05	3.78838900862069e-05	0.001312255859375
bxt_lmo__nrlmf	0.00016156364889705882	3.78838900862069e-05	3.78838900862069e-05	3.78838900862069e-05	6.866455078125e-05	3.78838900862069e-05	1.0	3.78838900862069e-05	3.78838900862069e-05
bxt_lso	3.78838900862069e-05	3.78838900862069e-05	3.78838900862069e-05	3.78838900862069e-05	3.78838900862069e-05	3.78838900862069e-05	3.78838900862069e-05	1.0	3.78838900862069e-05
bxt_lso__nrlmf	3.78838900862069e-05	3.78838900862069e-05	3.78838900862069e-05	3.78838900862069e-05	3.78838900862069e-05	0.001312255859375	3.78838900862069e-05	3.78838900862069e-05	1.0
